42.150 -88.034 
250 250 250 
20 
42.129085 -88.027485 20.8 36.1 7.1 
42.179085 -88.077485 25.7 28.2 4.8 
42.133454 -88.043144 24.9 27.4 5.6 
42.183454 -88.093144 27.9 30.5 2.5 
42.129422 -88.037895 22.9 30.5 3.8 
42.179422 -88.087895 20.3 36.8 17.8 
42.107882 -88.035445 17.8 25.4 12.7 
42.157882 -88.085445 11.9 14 5.3 
42.138752 -88.041745 20.3 33 2.5 
42.188752 -88.091745 30.5 40.6 12.7 
42.123379 -88.032213 36.8 48.3 30.5 
42.173379 -88.082213 22.6 35.3 13 
42.130132 -88.026442 27.9 30.5 2.5 
42.180132 -88.076442 24.1 34.3 7.6 
42.107161 -88.032347 17.8 25.4 12.7 
42.157161 -88.082347 35.6 49.5 7.6 
42.114021 -88.0364 20.3 36.8 17.8 
42.164021 -88.0864 17.8 25.4 12.7 
42.125669 -88.035269 17.8 25.4 7.6 
42.175669 -88.085269 31.8 39.4 7.6 
42.10896 -88.03641 17.8 25.4 12.7 
42.15896 -88.08641 18 30.7 4.8 
42.135233 -88.029141 26.5 29.1 3.9 
42.185233 -88.079141 24.1 34.3 7.6 
42.131031 -88.032127 14 21.6 3.8 
42.181031 -88.082127 21.1 33.8 1.8 
42.109444 -88.032333 24.1 34.3 7.6 
42.159444 -88.082333 40.6 43.2 26.7 
42.131002 -88.027713 26.7 29.2 3.8 
42.181002 -88.077713 16 23.6 1.8 
42.128781 -88.024088 30.5 43.2 27.9 
42.178781 -88.074088 16.5 24.1 5.1 
42.134451 -88.033256 35.6 44.5 20.3 
42.184451 -88.083256 20.3 36.8 17.8 
42.129722 -88.034192 17.8 25.4 7.6 
42.179722 -88.084192 27 29.5 3.5 
42.13368 -88.033884 25.7 28.2 4.8 
42.18368 -88.083884 17.8 25.4 7.6 
42.133645 -88.039383 22.9 45.7 21.6 
42.183645 -88.089383 16.5 24.1 1.3 
42.119607 -88.029611 15.5 23.1 2.3 
42.169607 -88.079611 17.8 25.4 7.6 
42.114245 -88.03114 33 48.3 15.2 
42.164245 -88.08114 43.2 54.6 25.4 
42.111254 -88.040606 25.4 40.4 19 
42.161254 -88.090606 56.5 71.8 20.3 
42.116969 -88.042539 16.5 24.1 4.3 
42.166969 -88.092539 30.5 40.6 12.7 
42.132063 -88.042602 27.8 30.3 2.7 
42.182063 -88.092602 25.9 28.4 4.6 
42.130161 -88.03669 20.3 36.8 17.8 
42.180161 -88.08669 17.8 25.4 7.6 
42.110313 -88.037638 13.3 20.9 4.5 
42.160313 -88.087638 30.5 40.6 12.7 
42.109579 -88.0217 38.1 53.3 15.2 
42.159579 -88.0717 22.9 25.4 7.6 
42.128815 -88.034782 23.1 31.5 7.4 
42.178815 -88.084782 20.3 36.8 17.8 
42.127062 -88.024085 26.7 34.3 11.4 
42.177062 -88.074085 27.7 30.2 2.8 
42.108656 -88.037391 20.3 34.3 11.4 
42.158656 -88.087391 33 48.3 15.2 
42.127948 -88.038602 20.1 35.3 7.9 
42.177948 -88.088602 19.1 30.5 10.2 
42.107767 -88.029074 17.8 25.4 12.7 
42.157767 -88.079074 35.6 49.5 7.6 
42.105925 -88.025797 19.1 34.3 8.9 
42.155925 -88.075797 30.5 40.6 12.7 
42.123602 -88.03466 17.8 25.4 12.7 
42.173602 -88.08466 24 50 22 
42.126545 -88.032303 35.6 44.5 20.3 
42.176545 -88.082303 35.6 49.5 7.6 
42.115862 -88.031135 45.7 55.9 12.7 
42.165862 -88.081135 28.2 30.7 2.3 
42.107906 -88.025814 14 22.2 8.3 
42.157906 -88.075814 28.7 31.2 1.8 
42.129273 -88.03261 28.7 31.2 1.8 
42.179273 -88.08261 25.4 27.9 5.1 
42.11633 -88.039961 27.9 43.2 7.6 
42.16633 -88.089961 27.7 30.2 2.8 
42.131105 -88.0394 19.8 32.5 3 
42.181105 -88.0894 26.7 33 20.3 
42.13703 -88.052998 17.8 25.4 12.7 
42.18703 -88.102998 26.7 33 20.3 
42.107336 -88.025808 31.8 39.4 7.6 
42.157336 -88.075808 45 48.5 33 
42.108913 -88.02907 27.5 30 3 
42.158913 -88.07907 25.9 28.4 4.6 
42.108395 -88.022737 22.9 25.4 7.6 
42.158395 -88.072737 20.3 36.8 17.8 
42.109572 -88.027437 29.2 31.8 1.3 
42.159572 -88.077437 29.2 31.8 1.3 
42.112062 -88.031029 20.3 36.8 17.8 
42.162062 -88.081029 16.5 24.1 4.3 
42.136914 -88.031408 31.8 35.6 22.9 
42.186914 -88.081408 30.5 40.6 12.7 
42.127862 -88.027852 27.9 43.2 7.6 
42.177862 -88.077852 27.7 30.2 2.8 
42.254346 -87.985697 17.8 25.4 12.7 
42.304346 -88.035697 24.9 27.4 5.6 
42.133213 -88.032575 29.5 32 1 
42.183213 -88.082575 29.6 32.1 0.9 
42.113068 -88.039517 66 71.1 45 
42.163068 -88.089517 26.2 28.7 4.3 
42.125898 -88.034709 27.2 29.7 3.3 
42.175898 -88.084709 41.3 54 12.4 
42.113161 -88.04132 17.8 25.4 12.7 
42.163161 -88.09132 17.8 25.4 12.7 
42.109819 -88.03641 35.6 49.5 7.6 
42.159819 -88.08641 31.8 39.4 7.6 
42.131686 -88.02858 20.3 36.8 17.8 
42.181686 -88.07858 26.7 34.3 11.4 
42.112055 -88.029714 30 32.5 0.5 
42.162055 -88.079714 17.8 25.4 12.7 
42.132521 -88.049673 23.9 39.1 4.1 
42.182521 -88.099673 18.8 31.5 4.1 
42.121971 -88.03801 19.3 32 3.6 
42.171971 -88.08801 17.8 33 10.2 
42.145257 -88.036115 16.5 24.1 2.3 
42.195257 -88.086115 23.9 26.4 6.6 
42.128874 -88.042146 28.9 31.4 1.6 
42.178874 -88.092146 30.2 32.7 0.3 
42.134427 -88.049086 31.8 48.3 27.9 
42.184427 -88.099086 17.8 25.4 7.6 
42.145141 -88.037819 27.4 42.7 0.5 
42.195141 -88.087819 17.8 25.4 7.6 
42.138841 -88.049205 14.7 30.2 4 
42.188841 -88.099205 13.7 21.3 4.1 
42.115827 -88.035189 17.8 25.4 12.7 
42.165827 -88.085189 31.8 39.4 7.6 
42.131014 -88.030128 23.4 25.9 7.1 
42.181014 -88.080128 17.8 25.4 7.6 
42.1343 -88.041866 27.7 30.2 2.8 
42.1843 -88.091866 17.8 25.4 7.6 
42.145825 -88.032302 40.6 66 17.8 
42.195825 -88.082302 16.5 54.6 16.5 
42.113782 -88.04132 35.6 49.5 7.6 
42.163782 -88.09132 26.7 34.3 11.4 
42.123654 -88.02962 15 16 5.6 
42.173654 -88.07962 24.8 27.3 5.7 
42.127031 -88.027461 20.3 36.8 17.8 
42.177031 -88.077461 20.3 36.8 17.8 
42.135986 -88.028705 17.8 25.4 7.6 
42.185986 -88.078705 33 48.3 15.2 
42.133809 -88.036843 16 25.4 3.2 
42.183809 -88.086843 18.5 31.2 4.4 
42.112593 -88.029043 35.6 44.5 20.3 
42.162593 -88.079043 17.8 25.4 12.7 
42.135579 -88.02642 19.6 32.3 3.3 
42.185579 -88.07642 33 45.7 24.1 
42.113072 -88.04024 18.1 33.4 9.8 
42.163072 -88.09024 17.8 25.4 12.7 
42.11103 -88.04133 33 48.3 15.2 
42.16103 -88.09133 22.9 45.7 21.6 
42.1386 -88.04553 26.7 33 20.3 
42.1886 -88.09553 49.2 57.4 10.8 
42.134275 -88.04063 28.8 31.3 1.7 
42.184275 -88.09063 40.6 66 17.8 
42.136177 -88.051373 19.1 30.5 10.2 
42.186177 -88.101373 17.3 30 5.6 
42.131008 -88.04375 30.5 40.6 12.7 
42.181008 -88.09375 24.1 34.3 7.6 
42.122625 -88.035043 30.5 33 8.9 
42.172625 -88.085043 20.3 36.8 17.8 
42.116606 -88.0413 17.8 25.4 7.6 
42.166606 -88.0913 31.8 39.4 7.6 
42.114718 -88.042532 16.5 24.1 1.3 
42.164718 -88.092532 30.5 40.6 12.7 
42.129266 -88.028331 36.8 47.8 7.2 
42.179266 -88.078331 26.7 34.3 11.4 
42.123879 -88.033107 18.3 33.5 9.7 
42.173879 -88.083107 27.9 43.2 7.6 
42.133684 -88.050275 13.7 21.3 4.1 
42.183684 -88.100275 36.3 40.9 18.5 
42.136569 -88.031328 27.9 30.5 2.5 
42.186569 -88.081328 30.5 40.6 12.7 
42.127843 -88.026612 35.6 44.5 20.3 
42.177843 -88.076612 30.5 40.6 12.7 
42.125684 -88.038542 14 22.2 8.3 
42.175684 -88.088542 15.2 22.9 2.5 
42.137252 -88.052204 20.3 36.8 17.8 
42.187252 -88.102204 30.5 40.6 12.7 
42.124233 -88.029766 23.4 38.6 4.6 
42.174233 -88.079766 24.1 34.3 7.6 
42.131924 -88.02661 23.6 26.1 6.9 
42.181924 -88.07661 27.5 30 3 
42.122188 -88.033265 20.3 36.8 17.8 
42.172188 -88.083265 20.3 36.8 17.8 
42.130126 -88.025014 26.4 29 4.1 
42.180126 -88.075014 43.2 54.6 25.4 
42.133856 -88.031333 30.5 40.6 12.7 
42.183856 -88.081333 38.4 58.4 24.1 
42.114927 -88.031544 23.6 26.2 6.9 
42.164927 -88.081544 16.4 24 1.4 
42.131976 -88.031215 20.3 36.8 17.8 
42.181976 -88.081215 27.7 30.2 2.8 
42.131737 -88.04025 30.5 40.6 12.7 
42.181737 -88.09025 26.7 34.3 11.4 
42.127363 -88.031892 31.8 39.4 7.6 
42.177363 -88.081892 35.6 49.5 7.6 
42.131919 -88.024397 28.5 31 2 
42.181919 -88.074397 22.9 45.7 21.6 
42.107027 -88.020213 15.9 23.5 1.9 
42.157027 -88.070213 23.1 38.4 4.8 
42.133652 -88.043142 35.6 49.5 7.6 
42.183652 -88.093142 31.8 39.4 7.6 
42.129728 -88.035091 27.1 29.6 3.4 
42.179728 -88.085091 26.7 34.3 11.4 
42.136439 -88.04007 31.8 39.4 7.6 
42.186439 -88.09007 17.8 25.4 12.7 
42.135592 -88.040376 13.7 21.3 4.1 
42.185592 -88.090376 31.8 39.4 7.6 
42.135096 -88.028599 12.7 20.3 5.1 
42.185096 -88.078599 26.7 33 20.3 
42.134457 -88.039398 30.5 40.6 12.7 
42.184457 -88.089398 26.4 29 4.1 
42.134714 -88.036178 31.8 39.4 7.6 
42.184714 -88.086178 41.3 61.6 33 
42.116358 -88.036406 20.8 36.1 7.1 
42.166358 -88.086406 17.8 25.4 12.7 
42.127935 -88.036821 16.5 24.1 1.3 
42.177935 -88.086821 17.8 25.4 7.6 
42.111796 -88.04132 20.3 34.3 11.4 
42.161796 -88.09132 20.3 34.3 11.4 
42.138865 -88.04553 24.1 34.3 7.6 
42.188865 -88.09553 26 28.5 4.5 
42.138473 -88.047033 14 22.2 8.3 
42.188473 -88.097033 29.7 32.3 0.8 
42.126501 -88.036894 17.8 25.4 12.7 
42.176501 -88.086894 30.1 32.6 0.4 
42.122974 -88.03483 20.3 36.8 17.8 
42.172974 -88.08483 17.8 25.4 7.6 
42.108819 -88.030698 24.1 34.3 7.6 
42.158819 -88.080698 27.9 30.5 2.5 
42.13589 -88.046189 17 29.7 5.8 
42.18589 -88.096189 26.2 28.7 4.3 
42.124254 -88.030676 13.7 18.3 7.4 
42.174254 -88.080676 26.4 29 4.1 
42.136992 -88.04904 26.3 28.8 4.2 
42.186992 -88.09904 23.9 35.6 2.3 
42.109062 -88.035197 26.9 42.2 1 
42.159062 -88.085197 16.5 29.2 6.4 
42.138579 -88.044311 35.6 44.5 20.3 
42.188579 -88.094311 31.8 48.3 27.9 
42.122376 -88.029899 17.3 24.9 0.5 
42.172376 -88.079899 30.5 40.6 12.7 
42.134729 -88.03754 21.9 24.4 8.6 
42.184729 -88.08754 24.1 34.3 7.6 
42.107973 -88.032343 17.8 25.4 12.7 
42.157973 -88.082343 9.9 22.6 2.3 
42.126553 -88.03307 26.7 33 20.3 
42.176553 -88.08307 26.3 28.8 4.2 
42.133052 -88.041814 15.5 23.1 2.3 
42.183052 -88.091814 17.8 25.4 12.7 
42.126695 -88.026331 28.4 31 2 
42.176695 -88.076331 30.6 43.9 6.4 
42.134282 -88.043135 30.5 43.2 27.9 
42.184282 -88.093135 16.8 24.4 1 
42.145071 -88.032181 19.6 32.3 3.3 
42.195071 -88.082181 17.8 25.4 7.6 
42.120547 -88.030685 17.8 25.4 12.7 
42.170547 -88.080685 41.3 54 12.4 
42.110978 -88.027422 20.3 36.8 17.8 
42.160978 -88.077422 28.7 31.2 1.8 
42.137793 -88.052893 24.1 34.3 7.6 
42.187793 -88.102893 26.7 33 20.3 
42.128549 -88.025863 15.5 23.1 2.3 
42.178549 -88.075863 30.5 40.6 12.7 
42.123375 -88.030728 18.4 33.7 9.5 
42.173375 -88.080728 16.8 29.5 6.1 
42.137919 -88.041821 34.8 65.8 13.7 
42.187919 -88.091821 20.8 36.1 7.1 
42.135056 -88.047056 14 22.2 8.3 
42.185056 -88.097056 14.7 22.4 3 
42.128841 -88.037114 17.3 30 5.6 
42.178841 -88.087114 35.6 44.5 20.3 
42.131001 -88.024676 17.1 29.8 5.8 
42.181001 -88.074676 21.3 28.2 11.2 
42.134087 -88.049862 45 47 25.1 
42.184087 -88.099862 20.4 33.1 2.5 
42.115848 -88.037606 17.7 33 10.2 
42.165848 -88.087606 26.9 29.5 3.6 
42.112436 -88.025802 35.6 44.5 20.3 
42.162436 -88.075802 31.8 39.4 7.6 
42.119086 -88.03069 27.9 30.5 2.5 
42.169086 -88.08069 20.3 36.8 17.8 
42.126766 -88.038007 30.5 40.6 12.7 
42.176766 -88.088007 26.4 29 4.1 
42.109334 -88.024165 16.5 24.1 3.8 
42.159334 -88.074165 21.6 27.9 7.6 
42.126468 -88.024692 20.8 36.1 7.1 
42.176468 -88.074692 29.2 31.8 1.3 
42.13282 -88.02541 22.9 30.5 2.5 
42.18282 -88.07541 16 23.6 1.8 
42.108287 -88.030702 19.3 34.6 8.6 
42.158287 -88.080702 16.3 23.9 1.5 
42.10701 -88.022233 35.6 49.5 7.6 
42.15701 -88.072233 30.5 40.6 12.7 
42.113414 -88.027425 17.8 25.4 12.7 
42.163414 -88.077425 29.7 32.3 0.8 
42.113638 -88.043764 28 30.5 2.5 
42.163638 -88.093764 13.2 20.8 4.6 
42.130444 -88.037884 17.5 30.2 5.3 
42.180444 -88.087884 23.6 26.2 6.9 
42.137251 -88.04553 17.8 25.4 12.7 
42.187251 -88.09553 17.8 25.4 12.7 
42.144565 -88.031799 26.4 28.9 4.1 
42.194565 -88.081799 27.9 43.2 7.6 
42.110246 -88.038667 43.2 54.6 25.4 
42.160246 -88.088667 40.6 66 17.8 
42.134086 -88.032572 31.8 39.4 7.6 
42.184086 -88.082572 26 28.6 4.4 
42.132696 -88.039367 23.4 25.9 7.1 
42.182696 -88.089367 24.1 34.3 7.6 
42.13765 -88.04313 25.1 30.7 16 
42.18765 -88.09313 29.2 31.7 1.3 
42.110255 -88.029854 13 20.6 4.8 
42.160255 -88.079854 25.4 27.9 5.1 
42.14528 -88.036679 22.7 25.2 7.8 
42.19528 -88.086679 17.8 25.4 12.7 
42.138093 -88.0485 17.8 25.4 12.7 
42.188093 -88.0985 20.3 34.3 11.4 
42.115201 -88.038798 30.5 40.6 12.7 
42.165201 -88.088798 26.7 33 20.3 
42.144327 -88.032939 14 22.2 8.3 
42.194327 -88.082939 41.3 54 12.4 
42.134075 -88.044372 41.3 61.6 33 
42.184075 -88.094372 17.8 30.5 5.1 
42.106359 -88.027433 17.8 25.4 7.6 
42.156359 -88.077433 13.7 25.1 3.8 
42.134772 -88.02878 26.7 33 20.3 
42.184772 -88.07878 17.8 33 10.2 
42.132907 -88.036045 35.6 44.5 20.3 
42.182907 -88.086045 38.1 39.1 19.3 
42.133639 -88.040635 17 29.7 5.8 
42.183639 -88.090635 16.5 24.1 4.3 
42.131001 -88.027127 26.7 34.3 11.4 
42.181001 -88.077127 31.8 39.4 7.6 
42.11625 -88.035184 26.7 34.3 11.4 
42.16625 -88.085184 24.1 34.3 7.6 
42.13305 -88.047733 26.7 34.3 11.4 
42.18305 -88.097733 23.9 26.9 8.4 
42.107244 -88.027437 17.8 25.4 12.7 
42.157244 -88.077437 42.9 43.4 33 
42.110331 -88.039213 17.8 25.4 12.7 
42.160331 -88.089213 17.8 30.5 5.1 
42.13207 -88.047957 29.5 32 1 
42.18207 -88.097957 31.8 39.4 7.6 
42.131009 -88.029694 17.3 24.9 0.5 
42.181009 -88.079694 22.6 37.9 5.3 
42.111391 -88.02416 33 42.7 6.9 
42.161391 -88.07416 20.3 36.8 17.8 
42.127935 -88.035247 35.6 49.5 7.6 
42.177935 -88.085247 17.8 25.4 12.7 
42.131093 -88.042323 31.8 39.4 7.6 
42.181093 -88.092323 26.7 33 20.3 
42.129921 -88.04139 19.1 30.5 10.2 
42.179921 -88.09139 30.5 40.6 12.7 
42.150791 -88.034969 45.7 55.9 12.7 
42.200791 -88.084969 21.6 24.1 8.9 
42.127363 -88.035984 19.1 30.5 10.2 
42.177363 -88.085984 17.8 25.4 7.6 
42.138326 -88.049033 31.8 39.4 7.6 
42.188326 -88.099033 20.8 36.1 7.1 
42.109283 -88.038294 30.5 40.6 12.7 
42.159283 -88.088294 31.8 39.4 7.6 
42.114226 -88.035188 26.7 34.3 11.4 
42.164226 -88.085188 24.1 26.7 6.3 
42.135031 -88.027462 17.8 25.4 12.7 
42.185031 -88.077462 14.7 22.4 3 
42.112258 -88.03888 31.8 35.6 22.9 
42.162258 -88.08888 31.8 39.4 7.6 
42.114383 -88.042536 24.1 34.3 7.6 
42.164383 -88.092536 24.4 40.1 14.5 
42.133905 -88.026438 16.8 24.4 1 
42.183905 -88.076438 17.8 25.4 7.6 
42.105136 -88.025792 23.1 38.4 4.8 
42.155136 -88.075792 26.7 34.3 11.4 
42.129748 -88.042932 31.7 34.5 16.5 
42.179748 -88.092932 36.8 48.3 30.5 
42.132458 -88.027574 21.6 27.9 7.6 
42.182458 -88.077574 27.9 30.5 2.5 
42.137943 -88.051665 27.9 30.5 2.5 
42.187943 -88.101665 31.8 39.4 7.6 
42.13498 -88.045655 27.9 43.2 7.6 
42.18498 -88.095655 20.3 34.3 11.4 
